ident
sphere
90 70 -20 20
sphere
130 70 -20 20
sphere
170 70 -20 20
sphere
210 70 -20 20
sphere
250 70 -20 20


box
0 0 0 300 20 160

box
0 0 0 20 -200 20
box
280 0 0 20 -200 20
box
0 0 -140 20 -200 20
box
280 0 -140 20 -200 20

box
0 220 0 300 20 160

line
90 70 -20 90 200 0
line
130 70 -20 130 200 0
line
170 70 -20 170 200 0
line
210 70 -20 210 200 0
line
250 70 -20 250 200 0

line
90 70 -20 90 200 -160
line
130 70 -20 130 200 -160
line
170 70 -20 170 200 -160
line
210 70 -20 210 200 -160
line
250 70 -20 250 200 -160

rotate
x 30
rotate
y -20

move
100 150 0

apply
display
save
face2.png